,City,Cloudiness,Country,Date,Humidity,Lat,Lng,Max Temp,Wind Speed
0,severo-kurilsk,100,RU,1566685675,93,50.68,156.12,47.72,31.32
1,jamestown,2,AU,1566685080,94,-33.21,138.6,37.1,3.44
2,longyearbyen,75,NO,1566685114,80,78.22,15.63,39.2,8.05
3,solnechnyy,100,RU,1566685106,98,50.72,136.64,51.86,2.89
4,mahibadhoo,100,MV,1566685676,74,3.78,72.97,81.92,10.54
5,padang,100,ID,1566685676,79,-0.92,100.36,80.48,11.95
6,punta arenas,40,PH,1566685506,94,14.18,121.12,77.0,2.24
7,adrar,81,DZ,1566685676,11,27.87,-0.29,100.4,6.93
8,cape town,90,CL,1566685676,62,-36.41,-71.9,59.0,3.36
9,forst,37,DE,1566685677,66,50.36,11.89,69.01,1.99
10,torbay,75,CA,1566685677,76,47.66,-52.73,53.01,17.22
11,tasiilaq,97,GL,1566685677,81,65.61,-37.64,44.6,6.93
12,busselton,100,AU,1566685367,67,-33.64,115.35,43.0,11.36
13,suhbaatar,75,MN,1566685677,92,50.23,106.21,52.58,3.0
14,new norfolk,75,LR,1566685678,94,6.65,-10.59,77.0,12.75
15,hobart,40,AU,1566685185,75,-42.88,147.33,46.0,4.7
16,perth,0,AU,1566685678,81,-31.95,115.86,50.0,8.05
17,castro,75,CL,1566684806,81,-42.48,-73.76,50.0,11.41
18,port elizabeth,60,CD,1566685093,45,-7.04,29.76,64.46,3.29
19,bethel,75,US,1566685086,58,60.79,-161.76,59.0,6.93
20,chuy,95,UY,1566684887,81,-33.69,-53.46,52.76,8.25
21,souillac,0,FR,1566685124,60,45.6,-0.6,77.0,6.93
22,abha,34,SA,1566685681,88,18.22,42.5,69.8,13.87
23,vaini,65,IN,1566684881,92,15.34,74.49,75.26,2.28
24,tuatapere,90,NZ,1566685681,93,-46.13,167.69,48.0,8.01
25,leningradskiy,94,RU,1566685170,86,69.38,178.42,42.68,6.6
26,mys shmidta,100,RU,1566685682,99,62.06,48.62,51.68,3.74
27,luau,99,CD,1566685682,26,-10.7,22.23,65.54,3.51
28,bluff,0,AU,1566685683,82,-23.58,149.07,56.0,4.85
29,avarua,80,CK,1566684941,83,-21.21,-159.78,77.0,11.41
30,narsaq,98,GL,1566685099,29,60.91,-46.05,51.8,18.34
31,pisco,0,PE,1566685083,30,-13.71,-76.2,71.6,9.17
32,bossangoa,100,CF,1566685683,96,6.5,17.45,67.7,2.91
33,mataura,50,NZ,1566685683,93,-46.19,168.86,48.0,8.01
34,atuona,4,PF,1566685662,70,-9.8,-139.03,79.22,12.77
35,san patricio,100,ML,1566684902,89,13.3,-4.9,73.28,9.17
36,ushuaia,75,AR,1566685684,65,-54.81,-68.31,44.6,13.87
37,albany,75,US,1566684863,53,42.65,-73.75,73.99,6.93
38,lamu,81,CN,1566685684,88,35.77,102.37,50.6,1.59
39,constitucion,75,MX,1566685684,31,23.99,-104.67,78.8,9.22
40,tilichiki,56,RU,1566685198,82,60.47,166.1,56.9,4.16
41,shitanjing,0,CN,1566685685,52,39.23,106.34,70.04,5.28
42,mbaiki,100,CF,1566685685,99,3.87,17.99,67.34,3.49
43,ribeira grande,0,PT,1566685685,93,41.76,-8.56,66.99,6.93
44,ritchie,0,ZA,1566685686,22,-29.03,24.6,53.6,3.36
45,vigrestad,0,NO,1566685686,87,58.57,5.7,64.0,2.24
46,sorland,75,NO,1566685162,87,67.67,12.69,53.6,11.41
47,prince george,75,CA,1566685686,56,52.97,-108.38,73.99,8.05
48,barrow,67,AR,1566685450,63,-38.31,-60.23,59.78,9.51
49,touros,75,BR,1566685115,88,-5.2,-35.46,75.2,8.05
50,cherskiy,86,RU,1566685687,41,68.75,161.3,61.4,4.5
51,tuktoyaktuk,75,CA,1566685106,81,69.44,-133.03,42.8,18.34
52,san jeronimo,100,ML,1566685687,89,13.3,-4.9,73.28,9.17
53,egvekinot,17,RU,1566685539,56,66.32,-179.17,55.1,4.59
54,cidreira,0,BR,1566685196,71,-30.17,-50.22,57.8,8.52
55,east london,19,UG,1566685688,94,3.43,31.7,67.52,2.55
56,bestobe,83,KZ,1566685688,65,52.5,73.1,65.18,6.49
57,butaritari,100,KI,1566685094,70,3.07,172.79,84.62,6.98
58,hasaki,75,JP,1566685165,88,35.73,140.83,72.0,9.17
59,yellowknife,75,CA,1566685496,63,62.45,-114.38,60.8,4.7
60,coihaique,90,CL,1566685102,87,-45.58,-72.07,42.8,6.93
61,savannah bight,20,US,1566685688,83,32.08,-81.09,87.8,5.82
62,ilulissat,5,GL,1566685105,39,69.22,-51.1,46.4,13.87
63,bathsheba,75,BB,1566685177,74,13.22,-59.52,84.2,17.22
64,nikolskoye,20,RU,1566685108,87,59.7,30.79,57.99,6.71
65,pyapon,100,MM,1566685689,95,16.29,95.68,76.52,4.68
66,camopi,71,GF,1566685689,65,3.17,-52.33,84.26,3.51
67,rikitea,73,PF,1566685690,68,-23.12,-134.97,69.5,23.26
68,yerbogachen,25,RU,1566685690,93,61.28,108.01,49.34,2.75
69,norman wells,1,US,1566685690,49,35.22,-97.44,91.0,10.29
70,kodiak,75,US,1566685142,69,39.95,-94.76,75.2,12.75
71,hilo,90,US,1566685424,69,19.71,-155.08,82.4,10.29
72,kruisfontein,0,ZA,1566685168,67,-34.0,24.73,55.82,5.44
73,genc,0,TR,1566685691,57,38.75,40.56,60.14,6.31
74,taoudenni,96,ML,1566685102,29,22.68,-3.98,98.66,10.49
75,ewa beach,94,CM,1566685691,93,5.76,9.91,70.94,0.67
76,bitam,100,GA,1566685691,98,2.08,11.49,66.26,3.29
77,aykhal,0,RU,1566685100,71,65.95,111.51,50.0,4.47
78,upernavik,100,GL,1566685692,65,72.79,-56.15,43.76,9.93
79,lebu,75,ET,1566684829,87,8.96,38.73,57.2,1.12
80,bambous virieux,75,MU,1566685692,94,-20.26,57.41,68.0,10.29
81,beni suef,2,CD,1566685692,96,0.49,29.47,64.1,1.95
82,grand-santi,53,GF,1566685693,62,4.27,-54.38,84.98,2.55
83,batticaloa,100,LK,1566685693,68,7.71,81.69,78.5,2.04
84,puerto parra,0,AR,1566685693,86,-51.62,-69.23,41.0,5.82
85,vanimo,100,PG,1566684854,79,-2.67,141.3,80.84,5.21
86,grand river south east,0,FR,1566685100,63,48.39,5.49,69.8,6.85
87,suntar,100,RU,1566685441,98,62.16,117.65,49.88,2.93
88,qaanaaq,92,GL,1566685694,66,77.48,-69.36,37.82,16.93
89,rocha,100,UY,1566685131,85,-34.48,-54.34,52.58,7.16
90,yulara,0,AU,1566685155,62,-25.24,130.99,51.8,8.05
91,rodnykove,0,UA,1566685694,62,47.68,37.95,74.18,10.31
92,iqaluit,90,CA,1566685134,76,63.75,-68.52,53.6,16.11
93,luderitz,0,NA,1566685156,54,-26.65,15.16,71.6,10.22
94,mikkeli,0,FI,1566685695,95,61.69,27.27,52.0,5.91
95,turukhansk,100,RU,1566685695,90,65.8,87.96,55.28,9.78
96,bredasdorp,0,ZA,1566685695,87,-34.53,20.04,53.6,2.24
97,hermanus,0,ZA,1566685695,76,-34.42,19.24,55.99,4.0
98,roald,100,NO,1566685148,60,62.58,6.12,68.0,11.41
99,varkkallai,40,IN,1566685696,94,8.73,76.71,77.0,3.36
100,qui nhon,20,BR,1566685696,78,-10.97,-37.6,77.0,9.17
101,nanortalik,100,GL,1566685117,72,60.14,-45.24,44.66,10.38
102,qasigiannguit,5,GL,1566685696,39,68.82,-51.19,46.4,13.87
103,torfyanoy,100,RU,1566685696,95,58.49,49.2,56.36,9.33
104,port hedland,60,CD,1566685093,45,-7.04,29.76,64.46,3.29
105,borba,57,BR,1566685132,47,-4.39,-59.59,92.54,2.66
106,namibe,44,AO,1566685697,88,-15.19,12.15,67.52,7.99
107,tahoua,98,NE,1566685697,53,14.89,5.26,86.78,6.53
108,freeport,100,BS,1566685697,74,26.54,-78.7,84.98,10.51
109,chesapeake,90,US,1566685698,83,36.72,-76.25,75.2,10.92
110,zhezkazgan,0,KZ,1566685698,36,47.8,67.71,62.66,3.98
111,vossevangen,100,NO,1566685698,94,60.63,6.42,61.0,1.99
112,mar del plata,99,CN,1566685698,77,29.86,90.73,40.16,2.3
113,katsuura,20,JP,1566684913,94,33.93,134.5,75.0,6.93
114,maceio,0,BR,1566685699,83,-9.67,-35.74,75.2,5.82
115,santa cruz,100,PH,1566685699,81,17.49,120.43,82.82,23.69
116,whitehorse,90,CA,1566685525,81,60.72,-135.06,50.0,10.29
117,saint-pierre,0,FR,1566685699,64,48.95,4.24,68.0,3.36
118,herat,0,AF,1566685700,19,34.35,62.22,61.4,10.51
119,lewistown,40,US,1566685700,50,40.39,-90.15,77.0,13.87
120,berlevag,100,NO,1566685154,67,70.86,29.09,44.12,7.96
121,mahebourg,75,MU,1566685123,94,-20.41,57.7,68.0,10.29
122,novikovo,0,RU,1566685701,64,51.15,37.89,59.6,5.91
123,fairbanks,1,US,1566685701,71,64.84,-147.72,59.0,4.7
124,paamiut,0,GL,1566685161,78,61.99,-49.67,42.32,14.76
125,dinajpur,100,BD,1566685701,84,25.63,88.63,80.84,8.46
126,hofn,79,IS,1566685702,80,64.25,-15.21,40.7,16.11
127,mahon,75,IE,1566685702,87,51.89,-8.4,60.8,13.87
128,bilma,61,NE,1566685136,39,18.69,12.92,89.84,9.35
129,tromso,0,NO,1566685702,81,69.65,18.96,42.8,19.46
130,lumby,75,CA,1566685703,31,50.25,-118.97,77.0,23.04
131,arraial do cabo,0,BR,1566685703,63,-22.84,-46.65,60.8,14.99
132,port alfred,60,CD,1566685703,45,-7.04,29.76,64.46,3.29
133,esso,100,RU,1566685703,94,55.93,158.7,50.06,1.72
134,atambua,0,ID,1566685704,72,-9.11,124.89,74.0,8.55
135,cabo san lucas,75,ES,1566685704,82,43.18,-5.8,71.6,1.12
136,saint-philippe,1,CA,1566685704,56,45.36,-73.48,73.99,4.7
137,heinola,0,FI,1566685704,93,61.2,26.03,51.8,4.7
138,dikson,100,RU,1566685705,95,73.51,80.55,41.06,17.16
139,caravelas,73,BR,1566685705,78,-17.73,-39.27,73.1,8.28
140,vila franca do campo,0,IT,1566685109,83,45.18,8.4,77.0,4.7
141,richards bay,1,US,1566685705,56,46.84,-95.91,78.8,17.22
142,ishigaki,75,JP,1566685706,94,24.34,124.16,82.4,17.22
143,kahului,40,US,1566685120,49,20.89,-156.47,89.6,19.46
144,hithadhoo,100,MV,1566685706,71,-0.6,73.08,82.46,8.23
145,pau brasil,90,FR,1566685473,88,43.3,-0.37,69.8,5.82
146,lerwick,100,GB,1566685707,93,60.15,-1.15,57.2,13.87
147,kapiri mposhi,3,IN,1566685707,68,28.29,76.34,85.34,6.35
148,haines junction,1,US,1566685707,19,44.91,-117.94,91.0,9.17
149,linjiang,30,CN,1566685707,96,41.81,126.91,50.6,1.25
150,san-pedro,100,CI,1566685707,96,4.75,-6.64,71.84,4.25
151,madang,100,CN,1566685708,96,35.32,102.79,45.74,1.07
152,esperance,74,AU,1566685708,81,-33.86,121.89,42.8,6.93
153,provideniya,26,RU,1566685708,50,64.42,-173.23,52.94,3.65
154,moree,75,AU,1566685708,51,-29.46,149.84,59.0,13.87
155,tuy hoa,40,PH,1566685709,94,14.02,120.73,77.0,2.24
156,peleduy,65,RU,1566685709,75,59.63,112.75,57.62,10.65
157,pevek,0,RU,1566685129,78,69.7,170.27,42.32,1.12
158,severodvinsk,75,RU,1566685709,93,64.56,39.82,50.0,6.71
159,basoko,1,CD,1566685710,90,1.23,23.61,71.3,0.72
160,faya,77,SA,1566685710,88,18.39,42.45,69.8,13.87
161,waxahachie,75,US,1566685495,46,32.39,-96.85,96.01,3.36
162,port lincoln,60,CD,1566685710,45,-7.04,29.76,64.46,3.29
163,duliagaon,22,IN,1566685711,85,27.37,95.32,78.86,0.63
164,saskylakh,11,RU,1566685711,85,71.97,114.09,46.46,3.91
165,komsomolskiy,35,RU,1566685485,95,67.55,63.78,35.84,6.87
166,tura,71,RU,1566685164,81,64.27,100.22,49.52,3.2
167,cayenne,0,GF,1566685176,70,4.94,-52.33,84.2,8.05
168,ayr,9,AU,1566685712,75,-19.58,147.4,69.01,3.0
169,klaksvik,100,FO,1566685712,93,62.23,-6.59,51.8,20.8
170,dukat,1,AL,1566685696,49,40.25,19.57,80.01,7.05
171,puerto ayora,0,AR,1566685693,86,-51.62,-69.23,41.0,5.82
172,tyristrand,0,NO,1566685712,87,60.08,10.1,62.01,5.82
173,jijiga,100,ET,1566685712,90,9.35,42.8,57.62,1.23
174,sal rei,0,SY,1566685713,28,36.63,38.46,79.94,4.65
175,goderich,0,CA,1566685124,75,43.74,-81.71,70.0,13.96
176,mercedes,100,UY,1566685713,65,-33.25,-58.03,59.0,4.0
177,iquitos,75,PE,1566685713,70,-3.75,-73.25,86.0,2.24
178,westport,1,US,1566685120,43,41.14,-73.36,75.99,6.93
179,makambako,69,TZ,1566685714,72,-8.85,34.82,58.7,10.98
180,taltal,39,CL,1566685153,66,-25.41,-70.49,59.96,6.58
181,chara,0,GR,1566685714,53,39.42,22.43,80.6,5.82
182,cap malheureux,0,FR,1566685165,72,49.27,-1.21,73.0,6.93
183,buala,100,SB,1566685714,83,-8.15,159.59,79.94,15.12
184,lansing,40,US,1566685428,43,42.73,-84.56,75.2,8.05
185,ponta do sol,34,BR,1566685715,52,-0.53,-65.05,90.56,2.93
186,sisimiut,0,GL,1566685715,81,66.94,-53.67,43.04,19.17
187,zhigansk,42,RU,1566685715,85,66.77,123.37,49.7,4.72
188,totma,88,RU,1566685715,96,59.98,42.76,52.04,8.46
189,khor,100,RU,1566685493,94,47.88,134.96,54.74,3.62
190,brewster,20,US,1566685716,68,41.76,-70.08,70.0,11.41
191,ahipara,100,NZ,1566685716,100,-35.17,173.16,59.0,20.65
192,kemin,0,KG,1566685716,58,42.79,75.7,54.56,6.98
193,sabang,100,PH,1566685716,95,13.8,121.11,75.99,0.96
194,sangar,0,RU,1566685167,89,63.92,127.47,50.6,1.74
195,ponta delgada,34,BR,1566685715,52,-0.53,-65.05,90.56,2.93
196,lorengau,21,PG,1566685548,84,-2.02,147.27,80.12,10.27
197,belaya gora,0,RU,1566685717,71,51.06,35.71,59.6,5.61
198,college,1,US,1566685192,71,64.86,-147.8,60.8,4.7
199,ryotsu,20,JP,1566685717,100,38.08,138.43,69.8,2.24
200,aksu,0,KZ,1566685718,67,52.04,76.93,62.6,6.71
201,smithers,75,CA,1566685718,82,54.78,-127.17,57.2,4.7
202,chokurdakh,100,RU,1566684944,56,70.62,147.9,57.98,7.18
203,sibanicu,75,CU,1566685718,62,21.23,-77.53,89.6,6.93
204,griffin,1,US,1566685719,83,33.25,-84.26,84.99,5.82
205,sitka,71,US,1566685719,57,37.17,-99.65,86.0,10.0
206,georgetown,20,GY,1566685155,70,6.8,-58.16,86.0,10.29
207,taksimo,1,RU,1566685578,92,56.36,114.84,47.54,0.94
208,uribia,0,CO,1566685719,46,11.71,-72.27,94.7,11.5
209,hualmay,11,PE,1566685720,90,-11.1,-77.61,58.88,12.57
210,praya,40,ID,1566685169,88,-8.71,116.27,75.2,8.05
211,waipawa,0,NZ,1566685720,74,-39.94,176.59,55.0,13.0
212,tarakan,86,ID,1566685720,92,3.3,117.63,75.98,5.88
213,kavieng,91,PG,1566685152,76,-2.57,150.8,83.0,14.97
214,dzaoudzi,0,YT,1566685721,83,-12.79,45.27,71.6,7.54
215,kapaa,1,US,1566685692,62,22.08,-159.32,89.6,14.99
216,ilhabela,54,BR,1566685483,76,-23.78,-45.36,66.8,9.98
217,thompson,90,CA,1566685721,93,55.74,-97.86,66.2,4.7
218,ulladulla,0,AU,1566685721,43,-35.36,150.48,55.4,1.12
219,clyde river,69,NZ,1566685133,86,-45.19,169.32,36.74,6.22
220,nhulunbuy,53,AU,1566685722,88,-12.18,136.78,66.2,4.7
221,codrington,0,AU,1566685722,93,-28.95,153.24,61.0,8.05
222,san roque,100,ML,1566685676,89,13.3,-4.9,73.28,9.17
223,okulovka,0,RU,1566685722,94,58.37,33.3,51.32,5.53
224,mehamn,87,NO,1566685722,73,71.03,27.85,40.7,6.51
225,lavrentiya,100,RU,1566685494,62,65.58,-170.99,52.58,4.14
226,lagoa,0,PT,1566685723,78,37.14,-8.45,77.0,6.93
227,nantucket,40,US,1566685428,72,41.28,-70.1,69.01,19.46
228,wattegama,100,LK,1566685723,84,7.35,80.68,72.74,4.65
229,morehead,1,US,1566685723,47,38.18,-83.43,80.6,6.93
230,baruun-urt,68,MN,1566685724,85,46.68,113.28,53.84,6.38
231,moose factory,1,US,1566685724,18,43.66,-110.72,84.2,19.46
232,avera,75,US,1566685724,70,33.19,-82.53,89.6,8.05
233,nuevo laredo,5,AR,1566685724,49,-27.5,-58.79,69.8,5.82
234,lata,97,IN,1566685149,97,30.78,78.62,44.12,1.34
235,hambantota,90,LK,1566685143,100,6.12,81.12,77.0,5.82
236,pahrump,1,US,1566685725,6,36.21,-115.98,102.0,5.82
237,nichinan,75,JP,1566685725,94,31.65,131.31,77.0,5.82
238,salalah,75,OM,1566685725,94,17.01,54.1,78.8,6.93
239,mitsamiouli,7,KM,1566685726,83,-11.38,43.28,77.42,16.42
240,seydi,100,NE,1566685726,64,13.34,7.75,80.84,13.94
241,darhan,77,MN,1566685726,92,49.49,105.92,51.86,3.24
242,waingapu,30,ID,1566685185,87,-9.65,120.26,66.26,7.16
243,ancud,75,CL,1566685097,81,-41.87,-73.83,50.0,11.41
244,kiama,0,AU,1566685727,43,-34.67,150.86,61.0,1.12
245,tiksi,64,RU,1566685150,89,71.64,128.87,47.18,6.96
246,elban,99,RU,1566685727,93,50.1,136.51,54.38,2.89
247,buraydah,0,SA,1566685727,28,26.33,43.97,86.0,4.7
248,nizhniy kuranakh,0,RU,1566685728,42,45.39,39.24,82.4,11.18
249,pangody,100,RU,1566685588,91,65.85,74.49,48.98,23.98
250,mount gambier,0,GB,1566685728,68,53.66,-1.85,68.0,5.82
251,ostrovnoy,100,RU,1566685728,95,68.05,39.51,44.12,9.04
252,khatanga,40,RU,1566685728,96,71.98,102.47,48.8,7.05
253,kondinskoye,0,RU,1566685729,94,59.65,67.41,51.14,9.33
254,palmer,20,AU,1566685729,81,-34.85,139.16,48.99,5.99
255,sur,0,OM,1566685729,56,22.57,59.53,83.18,12.57
256,oranjemund,0,ZA,1566685173,62,-28.55,16.43,61.04,4.32
257,georgiyevka,0,RU,1566685730,60,52.25,40.45,60.86,5.14
258,thanesar,0,IN,1566685730,83,29.98,76.83,79.76,6.51
259,horodnytsya,0,UA,1566685730,69,50.81,27.32,57.44,3.56
260,pontes e lacerda,68,BR,1566685731,24,-7.27,-48.27,90.02,5.39
261,richard toll,75,CA,1566685731,56,52.7,-107.7,73.99,8.05
262,vardo,40,US,1566685082,40,39.62,-77.74,75.99,6.93
263,malpe,75,IN,1566685731,94,13.35,74.72,71.6,6.02
264,winona,20,CA,1566685731,56,43.21,-79.65,72.0,13.87
265,elliot lake,0,ZA,1566685732,19,-31.33,27.85,56.36,8.75
266,victoria,75,BN,1566685732,88,5.28,115.24,80.6,2.24
267,mayo,40,CA,1566685444,44,63.59,-135.9,59.0,6.93
268,carnarvon,0,ZA,1566685733,20,-30.97,22.13,60.5,10.25
269,jining,42,CN,1566685733,76,35.41,116.58,70.76,3.91
270,lianran,0,CN,1566685733,93,24.92,102.47,63.0,2.24
271,vila velha,0,IT,1566685733,83,45.18,8.4,77.0,4.7
272,cockburn town,40,AU,1566685733,70,-32.08,141.0,46.4,14.99
273,longyan,100,CN,1566685734,99,25.1,117.03,77.0,4.0
274,pangnirtung,100,CA,1566685198,51,66.15,-65.72,47.72,5.77
275,menongue,99,AO,1566685531,30,-14.66,17.68,55.28,5.48
276,tamandare,72,BR,1566685734,39,-8.28,-70.75,90.02,1.48
277,ixtapa,75,MX,1566685735,63,20.71,-105.21,93.2,4.7
278,tessalit,64,ML,1566685735,40,20.2,1.01,90.56,8.84
279,taft,100,PH,1566685735,98,11.9,125.42,72.74,1.41
280,talakan,0,RU,1566685735,98,50.29,130.28,54.02,3.18
281,donghai,38,CN,1566685736,69,34.52,118.76,68.06,6.6
282,banjar,44,ID,1566685736,96,-7.37,108.54,66.62,1.5
283,hervey bay,1,US,1566685138,46,33.5,-93.78,91.4,6.93
284,dehloran,0,IR,1566685736,19,32.69,47.27,85.34,8.97
285,shebunino,0,RU,1566685737,87,57.66,40.04,55.4,11.18
286,opuwo,0,NA,1566685737,12,-18.06,13.84,61.22,7.31
287,karatuzskoye,100,RU,1566685737,93,53.61,92.87,50.06,5.17
288,tadine,80,NC,1566685738,66,-21.55,167.88,68.24,17.43
289,olinda,40,AU,1566685738,87,-37.84,145.39,48.0,8.05
290,caraballeda,40,VE,1566685738,66,10.61,-66.85,86.0,5.82
291,isoka,69,ZM,1566685738,73,-10.15,32.64,58.7,3.13
292,beloha,57,MG,1566685144,73,-25.17,45.06,66.8,16.46
293,nishihara,1,JP,1566685189,78,35.74,139.53,77.0,4.7
294,gotsu,0,JP,1566685739,79,35.01,132.22,75.08,12.8
295,kremenki,45,RU,1566685739,81,54.51,48.87,53.6,4.47
296,pop,0,UZ,1566685739,40,40.87,71.1,71.6,2.24
297,dao,100,PH,1566685740,90,11.39,122.69,73.28,1.9
298,tiarei,20,PF,1566684881,65,-17.53,-149.33,84.0,12.75
299,faanui,79,PF,1566685740,67,-16.48,-151.75,77.96,7.25
300,manokwari,100,ID,1566685513,86,-0.87,134.08,73.64,5.77
301,idrinskoye,100,RU,1566685740,92,54.37,92.14,48.44,4.21
302,grindavik,75,IS,1566685741,93,63.84,-22.43,51.8,9.17
303,cockburn harbour,40,AU,1566685741,70,-32.08,141.0,46.4,14.99
304,bratunac,0,BA,1566685741,93,44.19,19.33,69.8,8.05
305,balkhash,0,KZ,1566685741,40,46.84,74.98,67.88,9.62
306,nyahururu,35,KE,1566685742,80,0.03,36.37,59.78,6.89
307,aklavik,90,CA,1566685742,66,68.22,-135.01,48.2,10.29
308,aripuana,83,BR,1566685611,36,-9.17,-60.63,92.54,1.41
309,alofi,61,NU,1566685743,78,-19.06,-169.92,80.6,8.05
310,karratha,0,AU,1566685743,45,-20.74,116.85,62.48,7.09
311,galesong,20,ID,1566685188,88,-5.32,119.37,73.4,1.12
312,oranjestad,20,AW,1566685577,74,12.52,-70.03,86.0,26.4
313,camacha,40,PT,1566685164,83,33.08,-16.33,73.4,11.41
314,monticello,1,US,1566685743,44,40.03,-88.57,77.0,12.75
315,vitim,97,RU,1566685744,96,59.44,112.57,53.48,5.12
316,kurayoshi,40,JP,1566685744,88,35.43,133.83,75.2,6.93
317,ngunguru,67,NZ,1566685745,81,-35.62,174.5,55.99,11.01
318,ulagan,6,RU,1566685745,94,50.63,87.96,34.4,2.53
319,aljezur,0,PT,1566685746,48,37.31,-8.8,77.0,13.87
320,sao jose da coroa grande,100,IN,1566685746,94,20.51,76.21,71.12,10.63
321,portland,75,US,1566685390,56,43.66,-70.25,71.01,10.29
322,imbituba,75,BR,1566685746,77,-28.24,-48.67,59.0,1.92
323,mazurivka,0,UA,1566685747,93,49.27,24.21,72.0,2.24
324,lasa,20,CY,1566685747,88,34.92,32.53,80.6,5.82
325,yamada,40,JP,1566685747,64,36.58,137.08,75.99,4.7
326,port hardy,60,CD,1566685748,45,-7.04,29.76,64.46,3.29
327,necochea,100,AR,1566685671,67,-38.55,-58.74,55.0,7.0
328,broome,99,GB,1566685748,87,52.47,1.45,66.2,2.24
329,mangochi,53,MW,1566685748,73,-14.48,35.26,65.72,7.18
330,damietta,0,EG,1566685748,83,31.42,31.81,82.4,5.82
331,husavik,100,CA,1566685749,35,50.56,-96.99,82.99,15.01
332,firovo,65,RU,1566685749,92,57.48,33.7,51.32,5.21
333,hanzhong,73,CN,1566685749,92,33.08,107.03,69.32,1.7
334,ovsyanka,0,RU,1566685749,90,53.58,126.91,51.86,1.57
335,vargem grande,40,BR,1566685750,87,-22.89,-46.41,60.8,9.17
336,airai,0,TL,1566685750,59,-8.93,125.41,65.54,4.21
337,rio grande,1,US,1566685750,47,41.11,-90.4,77.0,5.82
338,yeppoon,25,AU,1566685750,72,-23.13,150.74,66.2,4.7
339,margate,40,AU,1566685751,98,-43.03,147.26,46.0,3.36
340,xai-xai,0,MZ,1566685751,91,-25.04,33.64,59.78,4.97
341,fortuna,20,ES,1566685008,83,38.18,-1.13,77.0,1.12
342,requena,0,ES,1566685751,78,39.49,-1.1,77.0,2.24
343,toamasina,75,MG,1566685751,93,-18.17,49.38,66.2,4.7
344,zhanaozen,4,KZ,1566685197,15,43.35,52.85,78.14,11.39
345,oranzherei,40,RU,1566685752,65,45.85,47.57,78.8,6.71
346,quelimane,20,MZ,1566685752,83,-17.88,36.89,73.4,2.24
347,san lazaro,100,ML,1566685687,89,13.3,-4.9,73.28,9.17
348,fort nelson,94,IN,1566685753,81,17.96,79.61,73.82,6.96
349,kavaratti,100,IN,1566685753,79,10.57,72.64,81.56,16.11
350,soyo,30,AO,1566685753,87,-6.13,12.37,71.66,10.4
351,ligayan,97,PH,1566685753,79,4.65,119.47,81.92,8.16
352,alta floresta,75,NO,1566685753,81,69.97,23.27,42.8,9.17
353,helong,100,CN,1566685754,75,25.94,116.13,78.68,8.59
354,yanam,100,IN,1566685754,86,16.73,82.22,77.06,8.14
355,puerto del rosario,40,AR,1566685111,70,-51.62,-69.23,48.2,5.82
356,makakilo city,20,US,1566685754,62,21.35,-158.09,88.0,10.29
357,vysokovsk,0,RU,1566685754,93,56.32,36.55,55.4,6.71
358,ballina,100,IE,1566685755,93,54.11,-9.15,60.01,5.41
359,ganjam,100,IN,1566685755,87,12.41,76.71,69.86,10.58
360,sura,99,YE,1566685755,44,13.65,43.82,90.02,15.39
361,gornopravdinsk,23,RU,1566685755,89,60.06,69.92,51.5,9.08
362,felanitx,0,ES,1566685756,73,39.47,3.15,77.0,4.7
363,ales,0,FR,1566685756,77,44.13,4.08,73.4,4.7
364,cabedelo,75,BR,1566685756,94,-6.97,-34.84,73.4,8.05
365,half moon bay,75,LR,1566685160,94,6.38,-10.7,77.0,11.41
366,atar,1,MR,1566685757,31,20.52,-13.05,94.7,12.39
367,wanning,20,AT,1566685757,68,48.64,13.53,71.01,9.17
368,north platte,100,NG,1566685485,93,4.97,7.66,73.28,2.3
369,agadir,40,MA,1566685757,69,30.42,-9.58,73.4,6.93
370,nemuro,97,JP,1566685757,88,43.32,145.57,60.86,10.49
371,san cristobal,100,ML,1566685757,89,13.3,-4.9,73.28,9.17
372,kholmogory,75,RU,1566685758,93,64.23,41.65,50.0,6.71
373,pisek,40,US,1566685758,54,48.31,-97.71,80.6,21.92
374,kaitangata,73,NZ,1566685758,60,-46.28,169.85,54.0,1.01
375,guerrero negro,0,AR,1566685758,43,-24.19,-65.45,69.8,6.93
376,beeville,20,US,1566685755,74,28.4,-97.75,91.0,17.22
377,iralaya,20,HN,1566685759,66,15.0,-83.23,87.8,9.17
378,plettenberg bay,0,DE,1566685759,52,51.21,7.87,73.0,4.7
379,novoagansk,100,RU,1566685759,91,61.94,76.66,51.68,9.57
380,grand gaube,0,FR,1566685760,63,48.39,5.49,69.8,6.85
381,mount pleasant,0,GB,1566685728,68,53.66,-1.85,68.0,5.82
382,flinders,0,AU,1566685760,43,-34.58,150.85,61.0,1.12
383,chicama,0,PE,1566685760,82,-7.84,-79.15,64.4,9.17
384,ayan,0,IR,1566685171,36,38.23,44.7,57.26,3.56
385,dzhebariki-khaya,100,RU,1566685761,96,62.22,135.8,55.28,4.0
386,loralai,0,PK,1566685761,40,30.37,68.6,75.08,3.56
387,seoul,90,KR,1566685154,106,37.57,126.98,71.6,1.12
388,hirara,75,JP,1566685761,83,24.8,125.28,82.4,14.99
389,honiara,75,SB,1566685761,94,-9.43,159.96,77.0,4.7
390,poso,76,ID,1566685762,95,-1.4,120.75,59.96,3.33
391,maningrida,84,AU,1566685762,98,-12.05,134.23,62.3,5.86
392,karasburg,0,NA,1566685762,15,-28.01,18.75,66.44,12.3
393,zhangjiakou,60,CN,1566685762,85,40.77,114.88,56.54,2.1
394,dekar,0,BW,1566685763,16,-21.53,21.93,54.74,5.84
395,ambilobe,0,MG,1566685168,75,-13.19,49.05,70.04,6.58
396,son la,100,NO,1566685763,93,59.52,10.69,62.01,8.05
397,istok,0,PL,1566685763,84,52.66,23.48,61.0,4.72
398,yatou,40,CM,1566685763,100,3.63,9.81,73.4,3.36
399,hare bay,75,US,1566685764,44,30.67,-97.27,97.0,4.7
400,onega,51,RU,1566685764,89,63.91,38.09,50.96,8.99
401,kaeo,100,NZ,1566685764,100,-35.1,173.78,59.0,10.0
402,chhatapur,100,IN,1566685764,90,23.07,86.96,77.6,4.79
403,mpulungu,77,ZM,1566685765,45,-8.77,31.12,68.42,9.08
404,liverpool,0,GB,1566685765,72,53.41,-2.98,70.0,6.93
405,port antonio,60,CD,1566685710,45,-7.04,29.76,64.46,3.29
406,pailon,0,BO,1566685765,42,-17.66,-62.72,86.0,8.05
407,lazaro cardenas,90,MX,1566685765,62,29.05,-111.04,90.0,6.93
408,marquette,20,US,1566685766,52,46.54,-87.4,69.8,11.41
409,iberia,41,PE,1566685766,20,-11.41,-69.49,96.86,4.03
410,poquoson,40,US,1566685766,73,37.12,-76.35,77.0,10.92
411,saldanha,100,PT,1566685766,35,41.42,-6.55,76.34,4.5
412,shambu,71,ET,1566685766,85,9.57,37.1,52.94,3.4
413,nuevitas,75,CU,1566685767,62,21.55,-77.27,89.6,6.93
414,tutoia,0,BR,1566685177,78,-2.76,-42.27,80.6,18.34
415,blagoyevo,100,RU,1566685767,95,63.37,47.92,51.14,4.07
416,kysyl-syr,85,RU,1566685767,92,63.9,122.77,51.14,2.64
417,luanda,0,AO,1566685768,100,-8.83,13.24,68.0,6.24
418,namuac,100,PH,1566685768,80,18.61,121.17,74.36,3.91
419,biak,100,ID,1566685768,98,-0.91,122.88,63.38,4.25
420,kattivakkam,75,IN,1566685768,88,13.22,80.32,82.4,4.7
421,aksarka,100,RU,1566685769,71,66.56,67.8,44.48,15.64
422,tazovskiy,100,RU,1566685769,98,67.47,78.7,48.8,14.72
423,abay,0,KZ,1566685769,93,49.63,72.87,42.8,4.47
424,kabo,100,CF,1566685769,98,7.69,18.62,67.52,3.15
425,deputatskiy,0,RU,1566685769,84,69.3,139.9,51.86,5.53
426,frunze,20,KZ,1566685770,76,43.71,77.27,55.4,2.24
427,madras,1,US,1566685770,23,44.63,-121.13,87.8,10.29
428,ginir,23,ET,1566685770,89,7.14,40.71,59.24,6.8
429,pandan,100,PH,1566685770,83,11.72,122.09,81.2,11.5
430,kiomboi,21,TZ,1566685771,61,-4.28,34.41,67.52,6.85
431,fukue,20,JP,1566685771,69,35.03,136.69,78.8,11.41
432,poum,91,MK,1566685771,85,41.28,20.71,61.04,3.8
433,nassjo,0,SE,1566685771,93,57.65,14.7,54.0,2.95
434,oktyabrskiy,0,RU,1566685772,72,55.61,37.97,64.0,8.95
435,kloulklubed,90,PW,1566685772,88,7.04,134.26,77.0,10.29
436,toba tek singh,20,JP,1566685772,69,34.47,136.83,78.8,11.41
437,sorong,100,ID,1566685772,90,-0.86,131.25,74.0,7.56
438,miyazu,0,JP,1566685773,96,35.58,135.2,64.82,3.31
439,grand centre,0,FR,1566685773,63,48.39,5.49,69.8,6.85
440,bourg-en-bresse,0,FR,1566685773,93,46.21,5.22,73.4,1.12
441,jinxiang,4,CN,1566685774,80,35.07,116.31,68.96,5.91
442,royan,0,FR,1566685774,60,45.62,-1.03,73.4,6.93
443,tado,75,ID,1566685774,83,-8.75,120.47,76.52,13.09
444,novospasskoye,19,RU,1566685774,77,53.15,47.75,55.1,2.33
445,markova,90,RU,1566685775,100,52.21,104.21,50.0,2.24
446,noyabrsk,100,RU,1566685775,96,63.2,75.45,51.5,13.13
447,bangsund,100,NO,1566685775,39,64.4,11.39,64.0,10.0
448,hobyo,64,SO,1566685776,78,5.35,48.53,76.7,22.46
449,kushima,75,JP,1566685776,94,31.5,131.29,77.0,5.82
450,laja,75,CL,1566685776,87,-37.28,-72.71,57.2,2.24
451,tigzirt,69,DZ,1566685776,91,36.57,4.2,68.78,3.51
452,dwarka,40,IN,1566685777,88,28.58,77.04,80.6,3.36
453,idah,100,NG,1566685777,96,7.11,6.73,72.2,2.62
454,severnoye,0,RU,1566685777,80,54.09,52.54,55.1,0.85
455,irece,99,BR,1566685119,34,-11.3,-41.86,76.16,14.52
456,abu kamal,75,JP,1566685777,83,34.51,131.49,71.6,2.24
457,franklin,40,US,1566685559,69,35.93,-86.87,84.99,8.05
458,bama,0,CN,1566685778,87,24.14,107.25,73.1,4.83
459,port arthur,60,CD,1566685748,45,-7.04,29.76,64.46,3.29
460,djambala,100,CG,1566685778,69,-2.55,14.76,75.08,8.5
461,belyy yar,17,RU,1566685194,95,55.83,32.94,54.74,3.78
462,bichena,67,ET,1566685778,78,10.45,38.2,50.96,3.74
463,gobo,20,JP,1566685779,83,33.89,135.15,75.99,8.05
464,barahona,40,DO,1566685779,70,18.21,-71.1,87.8,16.11
465,shangrao,1,CN,1566685779,80,28.45,117.97,78.68,3.98
466,russell,90,US,1566685780,73,38.9,-98.86,81.0,10.29
467,vao,0,EE,1566685780,93,59.1,26.19,55.1,2.51
468,inhambane,0,MZ,1566685780,93,-23.87,35.38,58.88,4.47
469,manggar,100,ID,1566685780,87,-2.88,108.27,76.7,2.73
470,murdochville,0,CA,1566685780,41,48.96,-65.49,60.68,2.86
471,madingou,100,CG,1566685781,63,-4.17,13.56,76.34,5.7
472,mount isa,0,GB,1566685781,68,53.66,-1.85,68.0,5.82
473,rosarito,75,CO,1566685781,53,4.91,-75.23,86.0,2.24
474,orel-izumrud,75,RU,1566685781,78,43.46,39.92,71.6,11.18
475,canon city,0,FR,1566685782,68,49.07,-0.09,69.8,5.82
476,marsh harbour,0,GB,1566685782,68,53.65,-1.81,68.0,5.82
477,ust-kuyga,61,RU,1566685782,82,70.0,135.55,52.94,2.51
478,kandrian,100,PG,1566685782,90,-6.21,149.55,72.56,8.52
479,shingu,100,JP,1566685782,91,33.72,135.99,61.04,2.82
480,kayerkan,75,RU,1566685783,93,69.35,87.76,53.6,6.71
481,hovd,75,NO,1566685783,68,63.83,10.7,66.0,8.05
482,khorixas,0,NA,1566685783,17,-20.37,14.96,65.72,5.41
483,jumla,71,NP,1566685783,94,29.28,82.18,52.76,1.05
484,pasil,100,PH,1566685783,93,17.39,121.16,65.36,1.63
485,bandarbeyla,0,SO,1566685784,64,9.49,50.81,80.12,24.14
486,santa rosa,100,PH,1566685105,81,17.49,120.43,82.82,23.69
487,san felipe,100,ML,1566685676,89,13.3,-4.9,73.28,9.17
488,aitape,98,PG,1566685784,91,-3.15,142.36,75.8,4.18
489,benghazi,0,LY,1566685784,72,32.12,20.07,80.3,13.62
490,pyshma,0,RU,1566685785,90,56.95,63.25,51.14,3.87
491,wanaka,98,NZ,1566685785,98,-44.7,169.14,35.3,6.42
492,grafton,0,AU,1566685785,100,-29.69,152.93,55.0,3.6
493,hay river,0,AU,1566685785,93,-34.51,144.84,38.72,10.25
494,teluk nibung,20,ID,1566685786,78,-7.05,110.54,75.2,2.24
495,poronaysk,96,RU,1566685786,91,49.22,143.1,50.42,3.42
496,faro,0,PT,1566685786,78,37.02,-7.94,77.0,6.93
497,geraldton,75,CA,1566685786,49,49.72,-86.95,68.0,10.29
498,morozovsk,3,RU,1566685786,57,48.35,41.83,74.18,9.66
499,dingle,100,PH,1566685787,86,11.0,122.67,74.18,3.31
500,vikulovo,38,RU,1566685787,88,55.07,40.96,57.98,5.61
501,vysokogornyy,100,RU,1566685787,96,50.1,139.13,47.0,1.41
502,bowen,90,AU,1566685787,88,-20.01,148.25,69.01,1.12
503,sabha,45,LY,1566685788,24,27.03,14.43,86.24,13.67
504,puerto cabezas,0,AR,1566685788,86,-51.62,-69.23,41.0,5.82
505,snezhnogorsk,75,RU,1566685788,93,69.19,33.23,44.6,6.71
506,san antonio,100,ML,1566685676,89,13.3,-4.9,73.28,9.17
507,cocoa beach,1,US,1566685788,79,28.39,-80.74,90.0,9.46
508,marawi,100,PH,1566685789,89,8.0,124.29,75.99,5.01
509,nipawin,90,CA,1566685789,78,53.36,-104.02,71.6,5.82
510,progreso,0,UY,1566685789,51,-34.68,-56.22,59.0,8.05
511,semey,20,KZ,1566685790,51,50.41,80.25,63.74,4.0
512,izyum,0,UA,1566685790,73,49.21,37.25,67.34,10.25
513,athabasca,78,CA,1566685539,48,54.72,-113.29,67.88,6.46
514,najran,40,SA,1566685790,20,17.54,44.22,87.8,4.7
515,phan rang,20,TH,1566685790,100,19.55,99.74,77.0,2.24
516,waitati,100,NZ,1566685791,69,-45.75,170.57,47.18,8.48
517,bara,100,NG,1566685791,94,10.41,10.6,69.68,4.68
518,mangai,46,CD,1566685791,28,-4.07,19.59,82.64,1.45
519,sechura,51,PE,1566685791,86,-5.56,-80.82,63.02,16.53
520,huarmey,7,PE,1566685781,89,-10.07,-78.15,59.6,11.43
521,pocone,59,BR,1566685792,19,-16.26,-56.62,96.68,6.46
522,sola,100,TZ,1566685792,48,-3.17,33.8,72.92,8.41
523,talcahuano,0,CL,1566685792,82,-36.72,-73.12,57.2,3.36
524,pierre,1,US,1566685792,69,44.37,-100.35,75.2,28.86
525,gondanglegi,8,ID,1566685793,92,-7.75,112.01,67.16,6.98
526,sheregesh,81,RU,1566685793,95,52.93,87.98,49.52,3.6
527,byron bay,90,US,1566685725,88,32.65,-83.76,79.0,5.82
528,sioux lookout,1,US,1566685793,56,46.74,-90.88,73.99,5.82
529,puerto escondido,0,AR,1566685793,86,-51.62,-69.23,41.0,5.82
530,corinto,75,CO,1566685794,51,3.17,-76.26,84.2,11.41
531,champerico,75,MX,1566685794,58,16.38,-93.6,87.8,14.99
532,osmena,100,PH,1566685794,78,12.17,124.59,82.64,10.92
533,merritt,75,CA,1566685795,36,50.11,-120.79,75.2,16.11
534,carutapera,37,BR,1566685795,80,-1.2,-46.02,79.04,8.52
535,huilong,30,CN,1566685795,60,31.15,106.5,79.94,1.99
536,dongsheng,26,CN,1566685796,76,29.72,112.52,76.88,7.43
